precision:	0.4	0.3	0.233333333333333	0.2	0.18	0.183333333333333	0.171428571428571	0.15	0.144444444444444	0.13	0.118181818181818	0.108333333333333	0.107692307692308	0.1	0.0933333333333333	0.1	

MAP:	0.195756670187266

NDCG:	0.4	0.3	0.252037506686374	0.233827559643533	0.222241033331437	0.235149653253583	0.236709038389244	0.230764331672714	0.244144129799764	0.24212816888114	0.240398400550717	0.240398400550717	0.253910308272083	0.253910308272083	0.253910308272083	0.265439350957256	